1 4760
2 4898
3 4179
4 3227
5 3108
6 3408
7 4427
8 5534
9 5759
10 10140
11 5650
12 6286
13 6835
14 7145
15 7565
16 8023
17 8513
18 9044
19 9554
20 9988
21 10498
22 11265
23 11315
24 12072
25 12317
26 12780
27 13251
28 13822
29 14238
30 14711
31 15209
32 15618
33 16108
34 16572
35 17031
36 17601
37 18186
38 18545
39 18933
40 19443
41 20250
42 20366
43 21174
44 21386
45 21839
46 22438
47 22913
48 23551
49 25122
50 24236
51 24884
52 25245
53 25617
54 26613
55 26685
56 27141
57 27662
58 28112
59 28819
60 29007
61 29524
62 29965
63 30713
64 30968
65 31163
66 31344
67 31526
68 31787
69 32394
70 33701
71 32181
72 33026
73 32524
74 33533
75 32928
76 33105
77 33268
78 33653
79 33493
80 33755
81 34041
82 33979
83 34487
84 34380
85 34597
86 34740
87 35947
88 35449
89 35307
90 35365
91 35850
92 35603
93 35890
94 36091
95 36088
96 36422
97 36577
98 36796
99 36930
100 37396
101 37289
102 37520
103 37557
104 39862
105 38365
106 39108
107 39599
108 39554
109 39669
110 39857
111 39749
112 40009
113 39857
114 40140
115 40519
116 40546
117 40806
118 40318
119 47477
120 49667
121 45646
122 47761
123 49323
124 48240
125 49649
126 47376
127 44174
