1 4637
2 5073
3 4871
4 5045
5 3584
6 3392
7 3825
8 4276
9 4706
10 5159
11 5680
12 6869
13 8604
14 7080
15 7568
16 8000
17 8468
18 9972
19 11254
20 10047
21 10408
22 13806
23 11551
24 13454
25 12743
26 15292
27 13364
28 13742
29 14228
30 14765
31 15120
32 15626
33 16125
34 17040
35 19993
36 17882
37 21114
38 20365
39 20113
40 19424
41 19871
42 20491
43 23555
44 24470
45 23664
46 23453
47 25996
48 26775
49 26875
50 26963
51 25346
52 25244
53 25641
54 29130
55 30986
56 28508
57 30378
58 30652
59 31792
60 31879
61 31591
62 29936
63 32111
64 31814
65 33829
66 34357
67 34559
68 35393
69 34926
70 32015
71 35202
72 32734
73 36755
74 32727
75 32946
76 33094
77 33597
78 34014
79 36453
80 33900
81 36961
82 37032
83 38151
84 41351
85 46360
86 54538
87 43941
88 45196
89 40733
90 40794
91 40244
92 41057
93 40197
94 41197
95 41526
96 40177
97 40251
98 39505
99 40068
100 40908
101 40729
102 38447
103 40462
104 38714
105 38862
106 39066
107 38932
108 38533
109 38834
110 39024
111 39810
112 39226
113 39593
114 39928
115 39873
116 40666
117 40926
118 42226
119 40343
120 40482
121 43860
122 46791
123 45110
124 52532
125 49071
126 46800
127 55544
