1 3082
2 3949
3 4239
4 3655
5 3250
6 5983
7 4549
8 5029
9 5178
10 7099
11 6667
12 8300
13 9227
14 10431
15 11866
16 10173
17 9661
18 9611
19 9885
20 10635
21 12270
22 11714
23 11836
24 12456
25 13010
26 13904
27 15340
28 18436
29 17629
30 18325
31 18697
32 18760
33 18531
34 18564
35 18783
36 19280
37 22006
38 21936
39 20175
40 23092
41 22793
42 21548
43 22221
44 22652
45 23395
46 23488
47 24168
48 26782
49 28191
50 30547
51 29882
52 26818
53 28890
54 27470
55 27929
56 29262
57 28743
58 29471
59 30099
60 30367
61 30793
62 31412
63 31819
64 32324
65 32510
66 33134
67 32887
68 33493
69 33794
70 34200
71 37817
72 39995
73 40923
74 40881
75 41137
76 40436
77 41093
78 41231
79 35403
80 35251
81 38413
82 42571
83 41741
84 40514
85 36323
86 38436
87 37086
88 36884
89 37297
90 37526
91 37339
92 37686
93 37992
94 38021
95 38482
96 38373
97 38795
98 38758
99 38873
100 39532
101 40446
102 40287
103 40518
104 40656
105 40957
106 40967
107 41230
108 41728
109 41375
110 41543
111 41967
112 42065
113 42326
114 42652
115 44468
116 47620
117 49638
118 55279
119 49690
120 42501
121 42805
122 42715
123 43272
124 47707
125 46884
126 47083
127 43529
