1 1777
2 1966
3 2140
4 2667
5 3183
6 3510
7 3973
8 4449
9 4890
10 5526
11 6063
12 7805
13 6838
14 7320
15 7834
16 8451
17 9009
18 9410
19 9934
20 10342
21 10952
22 12095
23 12459
24 15226
25 13014
26 13730
27 13854
28 14598
29 14954
30 15385
31 15924
32 16425
33 16855
34 17350
35 17993
36 18345
37 18867
38 19405
39 20163
40 25256
41 24087
42 21696
43 21881
44 22416
45 23013
46 30238
47 23756
48 24357
49 25165
50 25493
51 25878
52 26306
53 27242
54 27490
55 27859
56 28332
57 28875
58 29381
59 29752
60 32359
61 32245
62 35439
63 36454
64 38933
65 33215
66 37374
67 34678
68 34774
69 36039
70 35182
71 34598
72 34621
73 34407
74 34916
75 40473
76 37064
77 35188
78 35425
79 35334
80 35941
81 36060
82 36097
83 36686
84 36735
85 41499
86 42435
87 35234
88 35993
89 39353
90 46860
91 43879
92 44181
93 37012
94 37114
95 44843
96 44801
97 44469
98 40547
99 36990
100 37088
101 37754
102 37604
103 38235
104 37810
105 37941
106 39457
107 45167
108 49141
109 47693
110 39384
111 39880
112 40609
113 40269
114 40539
115 44277
116 44468
117 44240
118 41238
119 40900
120 44734
121 41417
122 41674
123 41347
124 41427
125 41964
126 42365
127 44693
