1 1788
2 1918
3 2127
4 2517
5 3017
6 3397
7 3943
8 4342
9 4800
10 5317
11 5734
12 6176
13 6757
14 7308
15 7680
16 8225
17 8683
18 9187
19 9805
20 10155
21 10628
22 11229
23 11786
24 12782
25 14474
26 12913
27 13537
28 13685
29 14329
30 14818
31 15290
32 15832
33 16270
34 16888
35 17147
36 17712
37 18136
38 18871
39 19042
40 19715
41 20058
42 20574
43 21173
44 21457
45 22049
46 22304
47 23114
48 23335
49 23946
50 24214
51 25353
52 34129
53 32543
54 32322
55 33916
56 37854
57 37390
58 35573
59 29695
60 30703
61 31410
62 32011
63 32466
64 32622
65 34616
66 34564
67 34629
68 39080
69 43662
70 40911
71 43434
72 39366
73 34773
74 33352
75 36104
76 38572
77 40780
78 37975
79 38478
80 35499
81 39769
82 37231
83 39760
84 37291
85 37408
86 37345
87 35336
88 35152
89 38380
90 39574
91 40689
92 38920
93 39172
94 39670
95 41863
96 39697
97 39693
98 39485
99 40519
100 39680
101 39958
102 40391
103 40453
104 37928
105 38308
106 43913
107 41846
108 38772
109 38726
110 39249
111 41996
112 39066
113 40273
114 44604
115 42705
116 42606
117 41885
118 44974
119 41833
120 42368
121 42513
122 42702
123 42663
124 42970
125 46668
126 55326
127 67033
