1 2123
2 3750
3 2977
4 2526
5 3002
6 3486
7 4944
8 4361
9 4762
10 5872
11 7232
12 6134
13 8010
14 6920
15 7862
16 9586
17 8495
18 10068
19 9472
20 10207
21 11862
22 10820
23 11375
24 12632
25 12822
26 12773
27 13711
28 14748
29 14418
30 16506
31 15086
32 15609
33 17806
34 16592
35 18877
36 17593
37 19489
38 18334
39 19642
40 20590
41 20468
42 21239
43 22402
44 21222
45 23578
46 22404
47 24520
48 23268
49 23909
50 25006
51 26720
52 28373
53 30517
54 27394
55 30103
56 30540
57 28996
58 29951
59 31723
60 32255
61 30958
62 34957
63 35589
64 33721
65 33883
66 34207
67 34301
68 31979
69 34128
70 34881
71 35434
72 35351
73 35289
74 32807
75 33084
76 43474
77 33340
78 33704
79 33776
80 34223
81 34573
82 34210
83 34403
84 34776
85 34705
86 34855
87 35100
88 35413
89 35362
90 35945
91 35725
92 36013
93 36037
94 36174
95 36582
96 36612
97 36869
98 36943
99 37103
100 37325
101 37681
102 37544
103 37838
104 38084
105 38318
106 38500
107 38518
108 38754
109 38984
110 38932
111 39286
112 39368
113 39729
114 39749
115 39847
116 40089
117 40289
118 40268
119 40627
120 40630
121 40663
122 40993
123 41000
124 41280
125 41248
126 41269
127 41600
