1 4801
2 5031
3 4543
4 2525
5 3012
6 3419
7 3870
8 4320
9 4791
10 5328
11 5720
12 6264
13 6665
14 7158
15 7656
16 8079
17 8588
18 9036
19 9600
20 10013
21 10450
22 10901
23 11406
24 11865
25 12323
26 12834
27 13299
28 13761
29 14248
30 14760
31 15247
32 16011
33 16168
34 16690
35 17107
36 17637
37 18119
38 18655
39 19079
40 19591
41 19997
42 20459
43 20981
44 21364
45 21901
46 22271
47 22909
48 23342
49 23685
50 24173
51 24615
52 25324
53 25634
54 26131
55 26654
56 26946
57 27530
58 27948
59 28755
60 28967
61 29379
62 29887
63 31175
64 34324
65 33177
66 31059
67 31317
68 31437
69 31937
70 31896
71 32054
72 32338
73 32530
74 32526
75 32760
76 32986
77 33108
78 33569
79 33593
80 33640
81 33814
82 33926
83 34129
84 34271
85 34500
86 34550
87 35054
88 34994
89 35077
90 35361
91 35528
92 35546
93 35842
94 35941
95 36231
96 36298
97 36496
98 36696
99 36934
100 37085
101 37214
102 37483
103 37541
104 38040
105 37925
106 38120
107 38310
108 38564
109 38638
110 38809
111 39257
112 39203
113 39332
114 39507
115 39788
116 39825
117 40059
118 40116
119 40620
120 40385
121 40835
122 40846
123 40906
124 41133
125 41172
126 41324
127 41303
