1 16003
2 7447
3 8094
4 8099
5 7603
6 7686
7 7688
8 7456
9 7858
10 7907
11 7908
12 7980
13 8175
14 8417
15 8962
16 9017
17 9510
18 9838
19 10266
20 10666
21 11108
22 11589
23 12080
24 12516
25 12969
26 13450
27 13890
28 14359
29 14790
30 15275
31 16008
32 16170
33 16722
34 17354
35 17543
36 18069
37 18540
38 19047
39 19456
40 19950
41 20526
42 20974
43 21522
44 21866
45 22466
46 24523
47 23296
48 23928
49 24191
50 24682
51 25165
52 25834
53 26163
54 26596
55 27111
56 27495
57 28118
58 28444
59 29029
60 29667
61 29933
62 30466
63 30933
64 31342
65 31542
66 31750
67 33736
68 32101
69 32467
70 32379
71 32579
72 33043
73 33080
74 33272
75 33499
76 33665
77 33899
78 34498
79 34425
80 34745
81 35172
82 35201
83 35533
84 35927
85 37852
86 36354
87 36839
88 36884
89 37304
90 37348
91 37654
92 37889
93 38138
94 38317
95 38852
96 38822
97 39154
98 39333
99 39651
100 40056
101 42067
102 40875
103 40961
104 41531
105 41934
106 42299
107 42722
108 43099
109 43465
110 43773
111 44172
112 44504
113 44772
114 45011
115 47006
116 45718
117 45914
118 46405
119 46929
120 47103
121 47206
122 47279
123 47088
124 46981
125 47425
126 47868
127 49229
128 47248
129 48436
130 48656
131 48768
132 48168
133 48530
134 48856
135 49076
136 48972
137 48790
138 49081
139 49392
140 51264
141 49668
142 49475
143 50003
144 50328
145 50385
146 50663
147 50647
148 50932
149 50875
150 51290
151 51538
152 53986
153 51999
154 51660
155 51756
156 52316
157 52407
158 52864
159 53248
160 54123
161 54189
162 54785
163 56757
164 55687
165 55558
166 55352
167 55202
168 55438
169 54759
170 54631
171 54637
172 54804
173 55596
174 58241
175 55309
176 54918
177 55246
178 55458
179 55455
180 55530
181 55144
182 55263
183 55442
184 55845
185 57971
186 55972
187 55795
188 55837
189 55452
190 55443
191 55773
192 55281
193 55542
194 55562
195 57565
196 55806
197 55916
198 55759
199 55529
200 55498
201 55703
202 55968
203 55847
204 56036
205 56080
206 57865
207 56098
208 55573
209 55697
210 55513
211 55798
212 55671
213 55994
214 55946
215 55962
216 56001
217 57534
218 56294
219 55347
220 55748
221 55599
222 55697
223 55983
224 55474
225 55691
226 55603
227 56258
228 57843
229 56343
230 56153
231 56151
232 55616
233 55715
234 55901
235 55832
236 55721
237 55573
238 57975
239 56218
240 55711
241 55957
242 55975
243 55912
244 56202
245 56126
246 55885
247 55775
248 55538
249 57532
250 56035
251 55966
252 55440
253 55608
254 55615
255 55409
256 56814
257 55403
258 55852
259 55843
260 57665
261 56311
262 55976
263 55804
264 55700
265 55552
266 55967
267 55537
268 55607
269 55659
270 55847
271 56078
272 55957
273 55873
274 56057
275 56118
276 55913
277 56374
278 55909
279 56236
280 55766
281 55922
282 56336
283 55766
284 55876
285 55856
286 55834
287 55747
288 55657
289 55877
290 55618
291 55820
292 55825
293 56173
294 55935
295 56176
296 55971
297 56173
298 56019
299 56269
300 55952
301 56003
302 55305
303 55725
304 55781
305 55987
306 55820
307 55403
308 55484
309 55675
310 55393
311 55553
312 55428
313 55658
314 55695
315 55704
316 55919
317 56603
318 55421
319 55318
320 55564
321 55415
322 55431
323 55690
324 55465
325 55566
326 54941
327 54963
328 52843
329 51267
330 51165
331 51825
332 51099
333 51003
334 51080
335 51365
336 50921
337 51142
338 51135
339 51189
340 52642
341 51318
342 49573
343 43780
344 42797
345 42763
346 42709
347 42913
348 42646
349 42612
350 42731
351 42370
352 42093
353 42377
354 42642
355 42200
356 42250
357 42294
358 42132
359 41993
360 41912
361 41905
362 41804
363 41732
364 42092
365 41646
366 41919
367 41680
368 41419
369 41542
370 42983
371 41544
372 41649
373 41135
374 41522
375 41541
376 41464
377 41423
378 42159
379 41625
380 41289
381 41282
382 41431
383 40850
384 40345
385 40648
386 41316
387 41302
388 41089
389 41089
390 41121
391 41641
392 41136
393 41107
394 40999
395 40835
396 40610
397 40699
398 40618
399 40124
400 40589
401 40864
402 40568
403 40899
404 40727
405 40563
406 40700
407 40768
408 41469
409 40945
410 40985
411 40855
412 40809
413 40599
414 40425
415 40472
416 40083
417 40358
418 40337
419 40412
420 40405
421 40263
422 40240
423 40499
424 40228
425 40269
426 40138
427 40091
428 40460
429 40280
430 40437
431 40568
432 39881
433 39902
434 39983
435 39882
436 40091
437 39916
438 41214
439 39818
440 39603
441 39571
442 39527
443 39686
444 39456
445 39695
446 39336
447 39267
448 38933
449 39386
450 39457
451 40923
452 39572
453 39847
454 39485
455 39657
456 39447
457 39542
458 39479
459 39582
460 39664
461 39517
462 39399
463 39377
464 44247
465 40727
466 39299
467 39425
468 39610
469 39211
470 39605
471 39335
472 39282
473 39421
474 39353
475 39636
476 39487
477 39263
478 39407
479 39443
480 39059
481 39612
482 41982
483 39767
484 39423
485 40757
486 39450
487 39722
488 39346
489 39403
490 39787
491 39548
492 39662
493 39501
494 39483
495 40040
496 39651
497 39612
498 39749
499 39443
500 39813
501 39651
502 39832
503 39670
504 39455
505 39705
506 39686
507 39512
508 39732
509 39652
510 39528
511 39627
512 38557
513 39736
514 39406
515 39582
516 39548
517 39560
518 39693
519 39609
520 39646
521 39766
522 39534
523 39924
524 39529
525 39774
526 39634
527 39557
528 39955
529 39711
530 39720
531 39529
532 39801
533 39784
534 39591
535 39554
536 39732
537 39716
538 40936
539 39617
540 39794
541 39545
542 39560
543 39835
544 39311
545 39596
546 39714
547 39573
548 39892
549 39912
550 39761
551 39836
552 39751
553 39729
554 39550
555 39504
556 39918
557 39610
558 39822
559 39869
560 39595
561 39998
562 39689
563 39893
564 39581
565 39570
566 39943
567 39776
568 39863
569 39539
570 39666
571 39931
572 39553
573 39882
574 39660
575 39265
576 39315
577 39334
578 39616
579 39765
580 39636
581 40034
582 40026
583 40038
584 39943
585 39883
586 40195
587 39735
588 39927
589 40097
590 39838
591 40038
592 39671
593 39840
594 39830
595 39628
596 40069
597 39816
598 39927
599 39902
600 39637
601 40030
602 39845
603 39757
604 39949
605 39787
606 40109
607 39590
608 39246
609 40463
610 39805
611 39948
612 40037
613 39771
614 40160
615 40000
616 39668
617 40540
618 39761
619 40646
620 39881
621 39788
622 40370
623 39839
624 39769
625 41275
626 40109
627 40227
628 39853
629 39762
630 43210
631 40779
632 39984
633 40828
634 40411
635 40895
636 44692
637 41376
638 40404
639 39721
640 38870
641 41251
642 40428
643 41429
644 41954
645 40284
646 41844
647 40591
648 39689
649 43923
650 41379
651 41759
652 40542
653 39674
654 42087
655 40602
656 42383
657 42944
658 39857
659 41723
660 40400
661 39860
662 42964
663 40685
664 41020
665 40255
666 39948
667 41066
668 40345
669 41809
670 40740
671 39854
672 42818
673 40798
674 40266
675 41596
676 40848
677 41415
678 40601
679 40331
680 42089
681 40603
682 41723
683 40736
684 41098
685 42801
686 40520
687 42237
688 41092
689 40391
690 49949
691 44224
692 40591
693 40155
694 40595
695 42349
696 40617
697 39949
698 42759
699 40716
700 40645
701 40182
702 39944
703 39381
704 39202
705 42682
706 40665
707 40796
708 40488
709 40428
710 41345
711 40469
712 40613
713 40275
714 40466
715 41621
716 40587
717 40618
718 40388
719 40669
720 41501
721 39847
722 40899
723 40875
724 40170
725 41289
726 39853
727 41237
728 40840
729 40391
730 41103
731 40042
732 41325
733 40541
734 40882
735 40373
736 39508
737 42979
738 41106
739 40044
740 40361
741 39928
742 40355
743 40121
744 40015
745 40271
746 40150
747 40052
748 40424
749 46958
750 76698
751 90039
752 40811
753 55372
754 53170
755 40208
756 41296
757 40457
758 41154
759 40164
760 40709
761 42008
762 40016
763 40628
764 40146
765 39817
766 50306
767 41234
768 42542
769 79221
770 46310
771 40014
772 87777
773 162043
774 163523
775 134779
776 91194
777 53970
778 41340
779 42751
780 93456
781 40201
782 41101
783 41029
784 40394
785 40304
786 40412
787 41354
788 40857
789 40882
790 40302
791 41393
792 40641
793 40803
794 40785
795 40285
796 40938
797 41060
798 40828
799 40706
800 39994
801 40170
802 40401
803 40647
804 40439
805 40415
806 40406
807 40824
808 40483
809 40604
810 40602
811 40602
812 41021
813 40888
814 41249
815 41579
816 41041
817 47115
818 43681
819 41654
820 42886
821 41702
822 42546
823 41497
824 41153
825 42902
826 40978
827 42100
828 41003
829 40438
830 46266
831 40336
832 