1 14017
2 7347
3 7520
4 7617
5 7621
6 7672
7 7765
8 7461
9 7860
10 7902
11 7931
12 7996
13 8171
14 8431
15 8780
16 9029
17 9549
18 9926
19 10444
20 10742
21 11241
22 11656
23 12195
24 12434
25 12957
26 13458
27 13845
28 14356
29 14815
30 15367
31 15801
32 16216
33 16645
34 17174
35 17576
36 18136
37 18526
38 19057
39 19477
40 19903
41 20602
42 20911
43 21355
44 21903
45 24106
46 23006
47 23292
48 23644
49 24164
50 24659
51 25095
52 25583
53 26134
54 26750
55 27160
56 27429
57 27950
58 28570
59 28861
60 29424
61 29875
62 30333
63 30851
64 31407
65 31478
66 31658
67 33644
68 32035
69 32176
70 32299
71 32528
72 32786
73 33077
74 33323
75 33725
76 33565
77 34047
78 34037
79 34419
80 34678
81 35072
82 35318
83 35491
84 35911
85 37456
86 36503
87 36614
88 36791
89 37121
90 37448
91 37796
92 37746
93 38101
94 38347
95 38589
96 38763
97 39111
98 39508
99 39656
100 41677
101 40348
102 40729
103 40952
104 41410
105 41983
106 42456
107 42785
108 43111
109 43370
110 43752
111 44152
112 44489
113 44876
114 46646
115 45456
116 45687
117 46023
118 46332
119 47103
120 47201
121 47340
122 47255
123 47222
124 47028
125 47554
126 47801
127 49305
