1 15713
2 7349
3 7488
4 7589
5 7609
6 7750
7 7733
8 7405
9 7835
10 7853
11 7940
12 7997
13 8182
14 8543
15 8840
16 8972
17 9665
18 10292
19 10436
20 10964
21 11284
22 11583
23 12032
24 12494
25 13085
26 13406
27 13956
28 14380
29 14842
30 15264
31 15734
32 16160
33 16642
34 17251
35 17593
36 18094
37 18539
38 18979
39 19882
40 20046
41 20427
42 20884
43 21380
44 23855
45 22372
46 22878
47 23307
48 23788
49 24251
50 24672
51 25138
52 25755
53 26208
54 26577
55 27103
56 27556
57 28067
58 28544
59 28921
60 29579
61 29877
62 30420
63 31010
64 31398
65 31471
66 33526
67 31847
68 32094
69 32099
70 32505
71 32478
72 32812
73 33323
74 33192
75 33371
76 33653
77 33916
78 34066
79 34383
80 34677
81 34979
82 35359
83 35441
84 37470
85 36299
86 36405
87 36614
88 36936
89 37134
90 37551
91 37585
92 37770
93 38230
94 38276
95 38566
96 39115
97 39125
98 39545
99 39560
100 41683
101 40359
102 40628
103 41268
104 41418
105 42013
106 42442
107 42710
108 43186
109 43370
110 44030
111 44133
112 44633
113 44828
114 46685
115 45536
116 45605
117 46070
118 46293
119 47205
120 47035
121 47141
122 47208
123 47029
124 46931
125 47512
126 47756
127 49236
