1 20442
2 9596
3 7499
4 7592
5 7670
6 7698
7 7746
8 7482
9 7805
10 7919
11 7959
12 7999
13 8332
14 8667
15 9055
16 9009
17 9928
18 10116
19 10635
20 10887
21 11274
22 11756
23 12137
24 12499
25 13008
26 13411
27 13948
28 14342
29 14863
30 15252
31 15803
32 16232
33 16659
34 17134
35 17622
36 18114
37 18607
38 19100
39 19549
40 19977
41 20501
42 20933
43 21482
44 21927
45 22391
46 22815
47 23316
48 23747
49 24235
50 24719
51 25221
52 25866
53 26111
54 26654
55 27100
56 27538
57 28076
58 28533
59 28994
60 29396
61 29987
62 30589
63 30919
64 31361
65 31554
66 31752
67 31998
68 32078
69 32242
70 32418
71 32633
72 33144
73 33078
74 33270
75 33630
76 33703
77 33948
78 34260
79 34511
80 34717
81 35271
82 35234
83 35790
84 35786
85 36086
86 36352
87 36604
88 37004
89 37329
90 37379
91 37552
92 38046
93 38037
94 38397
95 38505
96 38731
97 39260
98 39354
99 39554
100 39984
101 40380
102 40657
103 41066
104 41548
105 42068
106 42459
107 42837
108 43123
109 43429
110 43824
111 44180
112 44685
113 44847
114 45188
115 45510
116 45704
117 46096
118 46623
119 47139
120 47308
121 47357
122 47356
123 47293
124 47094
125 47662
126 47930
127 47887
