1 12975
2 7333
3 7492
4 7558
5 7631
6 7667
7 7730
8 7441
9 7911
10 7873
11 7885
12 7984
13 8194
14 8436
15 8797
16 9047
17 9670
18 10000
19 10401
20 10896
21 11621
22 11632
23 12038
24 12468
25 13029
26 13410
27 13884
28 14394
29 14832
30 15288
31 15753
32 16159
33 16625
34 17111
35 17685
36 18039
37 18529
38 19039
39 19550
40 20175
41 20411
42 20856
43 21414
44 21865
45 22419
46 22892
47 23283
48 23723
49 24548
50 24718
51 25232
52 25848
53 26418
54 26584
55 27098
56 27545
57 28212
58 28508
59 29033
60 29511
61 30116
62 30475
63 30942
64 31367
65 31561
66 31762
67 32360
68 32106
69 32286
70 32520
71 32721
72 32999
73 33077
74 33298
75 33553
76 33713
77 34049
78 34130
79 34542
80 34882
81 35157
82 35371
83 35581
84 35810
85 36164
86 36285
87 36585
88 37091
89 37219
90 37331
91 37600
92 37727
93 38002
94 38283
95 38464
96 38772
97 39221
98 39237
99 39805
100 39920
101 40304
102 40693
103 41037
104 41783
105 42043
106 42594
107 44001
108 43136
109 43916
110 43789
111 44218
112 44549
113 44882
114 45240
115 45406
116 45677
117 46003
118 46695
119 46953
120 47196
121 47227
122 47460
123 47123
124 47055
125 47386
126 48097
127 47608
