1 17410
2 7323
3 7503
4 7567
5 7605
6 7641
7 7717
8 7450
9 7843
10 7879
11 7932
12 7996
13 8197
14 8628
15 9018
16 8989
17 9958
18 10070
19 10420
20 10926
21 11227
22 11663
23 12043
24 12430
25 12954
26 13714
27 13856
28 14316
29 14869
30 15261
31 15712
32 16146
33 16673
34 17213
35 17555
36 18051
37 18473
38 19156
39 19437
40 19891
41 20398
42 20908
43 21412
44 21856
45 22385
46 22804
47 23219
48 23758
49 24141
50 24637
51 25156
52 25748
53 26092
54 26565
55 27052
56 27458
57 28048
58 28499
59 28859
60 29374
61 29880
62 30514
63 30766
64 31244
65 31485
66 31978
67 32310
68 31960
69 32259
70 32389
71 32618
72 32966
73 33043
74 33201
75 33500
76 33680
77 33915
78 34132
79 34483
80 34658
81 35129
82 35260
83 35528
84 35813
85 35971
86 36173
87 36524
88 36746
89 37231
90 37407
91 37528
92 37810
93 38026
94 38307
95 38485
96 38706
97 39151
98 39228
99 39551
100 39930
101 40272
102 40635
103 41006
104 41556
105 41949
106 42404
107 42745
108 43155
109 43381
110 43777
111 44168
112 44528
113 44789
114 45080
115 45842
116 45635
117 46093
118 46525
119 47092
120 47292
121 47355
122 47265
123 47190
124 47187
125 47489
126 47955
127 47650
