1 15361
2 7337
3 7497
4 7586
5 7620
6 7692
7 7739
8 7428
9 7822
10 7853
11 7907
12 8005
13 8465
14 8498
15 8794
16 8964
17 9646
18 9891
19 10346
20 10701
21 11156
22 11580
23 12098
24 12483
25 13016
26 13417
27 13796
28 14319
29 14752
30 15350
31 16067
32 16172
33 16609
34 17184
35 17534
36 18071
37 18833
38 19223
39 19475
40 19947
41 20415
42 21042
43 21425
44 21900
45 22328
46 22974
47 24187
48 24195
49 24232
50 24631
51 25550
52 25740
53 26038
54 26560
55 27120
56 27527
57 28079
58 28640
59 28954
60 29510
61 29953
62 30651
63 30842
64 31310
65 31734
66 31762
67 32095
68 32202
69 32281
70 32502
71 32985
72 34311
73 33067
74 33305
75 33851
76 33756
77 33995
78 34610
79 34426
80 34860
81 35452
82 35313
83 35632
84 35789
85 36019
86 36368
87 36579
88 36851
89 37361
90 37341
91 37553
92 37882
93 38065
94 38375
95 38478
96 38741
97 39278
98 39240
99 39610
100 40298
101 40231
102 40696
103 41006
104 41595
105 42192
106 42327
107 42988
108 43090
109 43521
110 43711
111 44282
112 44695
113 44848
114 45461
115 45505
116 45718
117 46063
118 46550
119 47071
120 47196
121 47470
122 47283
123 47568
124 47106
125 47640
126 47793
127 47615
