1 6890
2 6812
3 2677
4 2795
5 3151
6 3607
7 3959
8 4414
9 4886
10 5324
11 5883
12 6226
13 6894
14 7191
15 7654
16 8121
17 8553
18 9066
19 9560
20 9973
21 10454
22 10874
23 11366
24 11870
25 12328
26 12913
27 13352
28 13710
29 14644
30 16114
31 15204
32 15638
33 16070
34 16596
35 17023
36 17661
37 18142
38 18456
39 18979
40 19422
41 19817
42 20347
43 20839
44 21357
45 21775
46 22270
47 22752
48 23235
49 23673
50 24187
51 24815
52 25063
53 25565
54 26076
55 26516
56 27046
57 27615
58 29865
59 28513
60 29011
61 29489
62 30146
63 30422
64 30924
65 31128
66 31280
67 31608
68 31741
69 31904
70 32110
71 32355
72 32482
73 32556
74 32760
75 32940
76 33406
77 36015
78 33418
79 33582
80 33819
81 33998
82 34101
83 34334
84 34421
85 34688
86 34824
87 34995
88 35215
89 35495
90 35451
91 35688
92 35884
93 36066
94 37991
95 36248
96 36454
97 36762
98 36953
99 36990
100 37236
101 37385
102 37612
103 37788
104 37920
105 38159
106 38347
107 38434
108 38717
109 38868
110 40826
111 39215
112 39280
113 39697
114 39730
115 39816
116 40096
117 40165
118 40337
119 40522
120 40546
121 40967
122 40881
123 41206
124 41346
125 43133
126 41307
127 41314
