1 7087
2 6927
3 6967
4 2762
5 3168
6 3585
7 3982
8 4411
9 4862
10 5338
11 5761
12 6260
13 6683
14 7208
15 7655
16 8095
17 8618
18 9090
19 9641
20 9988
21 10473
22 10940
23 11434
24 11843
25 12336
26 12775
27 13267
28 13849
29 14266
30 14695
31 15187
32 15709
33 16214
34 16615
35 17113
36 17531
37 17993
38 18477
39 18956
40 19593
41 19896
42 20383
43 22647
44 21284
45 22207
46 22225
47 22717
48 23352
49 23672
50 24228
51 24628
52 25067
53 25589
54 26334
55 26574
56 26967
57 27521
58 27994
59 28356
60 28962
61 29382
62 29816
63 30335
64 30776
65 31397
66 32957
67 31420
68 31712
69 31838
70 32208
71 32346
72 32471
73 32565
74 32718
75 33048
76 33090
77 33823
78 33419
79 33707
80 33780
81 33820
82 34068
83 34417
84 36261
85 34605
86 34787
87 35019
88 35320
89 35316
90 35417
91 35512
92 35865
93 35892
94 36124
95 36571
96 36662
97 36613
98 37243
99 37056
100 37369
101 39407
102 37472
103 37870
104 38044
105 38140
106 38404
107 38392
108 38703
109 38746
110 38953
111 39451
112 39428
113 39442
114 40018
115 39792
116 41940
117 40204
118 40374
119 40715
120 40595
121 40913
122 40956
123 41133
124 41403
125 41372
126 41917
127 41614
