1 6888
2 7003
3 7006
4 4578
5 3144
6 3564
7 3995
8 4417
9 4872
10 5334
11 5839
12 6260
13 6785
14 7200
15 7676
16 8104
17 8600
18 9187
19 11286
20 10023
21 10476
22 10920
23 11404
24 11856
25 12320
26 12784
27 13266
28 13780
29 14306
30 14875
31 15270
32 15684
33 16112
34 16589
35 17082
36 17564
37 17994
38 18483
39 18993
40 19441
41 19914
42 20387
43 20887
44 21296
45 21863
46 22472
47 22765
48 23244
49 23719
50 24255
51 24684
52 25126
53 27449
54 26093
55 26556
56 27009
57 27569
58 28379
59 28552
60 28971
61 29509
62 29844
63 30462
64 30781
65 31100
66 31204
67 31431
68 31803
69 31806
70 32004
71 32214
72 32394
73 32548
74 32734
75 32863
76 33091
77 33342
78 33529
79 33614
80 33771
81 33862
82 34135
83 34283
84 34454
85 34665
86 34934
87 34981
88 35105
89 35368
90 35420
91 35682
92 35823
93 35922
94 36243
95 36385
96 36534
97 36696
98 36836
99 37045
100 37193
101 37398
102 37668
103 37832
104 38008
105 38157
106 38368
107 38574
108 38604
109 38826
110 39081
111 39347
112 39316
113 39474
114 39659
115 39925
116 40110
117 40158
118 40452
119 40517
120 40553
121 40819
122 41026
123 41122
124 41315
125 41404
126 41420
127 41409
