1 6881
2 7000
3 6772
4 2748
5 3148
6 3524
7 3964
8 4389
9 4928
10 5322
11 5785
12 6243
13 6741
14 7165
15 7638
16 8081
17 8561
18 9035
19 9555
20 9966
21 10448
22 11210
23 11353
24 11843
25 12265
26 12850
27 13222
28 13832
29 14193
30 14825
31 15213
32 15666
33 16128
34 16617
35 17064
36 17590
37 18109
38 18438
39 18905
40 19397
41 19886
42 20391
43 20904
44 21279
45 21888
46 22272
47 23066
48 23219
49 23679
50 24127
51 24781
52 25100
53 25611
54 26026
55 26566
56 27080
57 27408
58 27836
59 28705
60 28797
61 29258
62 30108
63 30242
64 30636
65 31183
66 31217
67 31484
68 31557
69 32081
70 31969
71 32153
72 32457
73 32504
74 32636
75 32888
76 33170
77 33203
78 33496
79 33570
80 33646
81 34055
82 33963
83 34182
84 34500
85 34703
86 34713
87 35098
88 35056
89 35419
90 35751
91 35592
92 35734
93 36057
94 36101
95 36212
96 36605
97 36576
98 36870
99 37409
100 37163
101 37735
102 37589
103 37669
104 37995
105 38038
106 38278
107 38513
108 38548
109 39167
110 38965
111 39078
112 39346
113 39360
114 39623
115 39795
116 39875
117 40514
118 40241
119 40414
120 40424
121 40760
122 40838
123 40842
124 41212
125 41349
126 41281
127 41413
