1 6968
2 6851
3 2911
4 2788
5 3156
6 3576
7 3935
8 4406
9 4880
10 5312
11 5837
12 6245
13 6758
14 7230
15 7636
16 8108
17 8546
18 9040
19 9546
20 9997
21 10455
22 10941
23 11381
24 11876
25 12394
26 12787
27 13301
28 13701
29 14265
30 14710
31 15172
32 15679
33 16103
34 16557
35 17123
36 17485
37 18056
38 18454
39 18933
40 19418
41 19955
42 20337
43 20937
44 21294
45 21816
46 22313
47 22798
48 23240
49 23710
50 24235
51 24626
52 25121
53 25603
54 26116
55 26608
56 27117
57 27482
58 28025
59 28434
60 28945
61 29533
62 29925
63 30383
64 30827
65 31111
66 31307
67 31392
68 31590
69 31807
70 31993
71 32265
72 32354
73 32500
74 32772
75 32879
76 33032
77 33318
78 33388
79 33554
80 33789
81 33855
82 34100
83 34324
84 34449
85 34667
86 34782
87 35066
88 35123
89 35403
90 35452
91 35617
92 35902
93 35986
94 36176
95 36222
96 36475
97 36660
98 36827
99 36990
100 37288
101 37400
102 37555
103 37800
104 37861
105 38216
106 38227
107 38479
108 38718
109 38907
110 38995
111 39109
112 39329
113 39604
114 39693
115 39854
116 40098
117 40200
118 40371
119 40492
120 40631
121 40706
122 40897
123 41091
124 41319
125 41336
126 41326
127 41356
