1 6919
2 5466
3 2688
4 2812
5 3201
6 3562
7 3953
8 4403
9 4875
10 5331
11 5772
12 6246
13 6669
14 7167
15 7651
16 8079
17 8603
18 9435
19 9519
20 9991
21 10453
22 10933
23 11449
24 11790
25 12334
26 12764
27 13567
28 13740
29 14354
30 14693
31 15184
32 15632
33 16181
34 16674
35 17031
36 17509
37 18033
38 18718
39 19073
40 19710
41 19864
42 20391
43 20835
44 21587
45 21777
46 22268
47 22728
48 23162
49 23954
50 24199
51 24610
52 25127
53 25818
54 26087
55 26590
56 26955
57 27780
58 27880
59 28360
60 28966
61 29379
62 29731
63 30418
64 30927
65 30976
66 31218
67 31532
68 31545
69 31770
70 31995
71 32237
72 32316
73 32561
74 32692
75 32917
76 33025
77 33466
78 33284
79 33555
80 33762
81 33826
82 34106
83 34312
84 34453
85 34568
86 35071
87 34909
88 35178
89 35440
90 35405
91 35671
92 36147
93 35936
94 36394
95 36194
96 36422
97 36631
98 36670
99 37056
100 37615
101 37348
102 37380
103 37812
104 37808
105 38073
106 38120
107 38487
108 38671
109 38763
110 38948
111 39361
112 39334
113 39545
114 39634
115 39922
116 40119
117 40142
118 40320
119 40411
120 40628
121 40948
122 41049
123 40918
124 41603
125 41279
126 41813
127 41377
