1 4843
2 5611
3 6637
4 5095
5 4038
6 4288
7 5460
8 5783
9 9011
10 5213
11 5780
12 6163
13 6653
14 7100
15 7596
16 8185
17 8509
18 9268
19 9477
20 9946
21 10488
22 10980
23 11286
24 11821
25 12297
26 12791
27 13227
28 13713
29 14283
30 14760
31 15132
32 15655
33 16142
34 16596
35 17001
36 17489
37 17958
38 18513
39 18881
40 19395
41 19927
42 20297
43 20854
44 21273
45 21773
46 22306
47 22683
48 24534
49 23862
50 24233
51 24648
52 25272
53 25625
54 26206
55 26534
56 27061
57 27476
58 28088
59 28526
60 28994
61 29444
62 29924
63 30501
64 30931
65 31165
66 31380
67 31504
68 31747
69 32163
70 33356
71 32225
72 32378
73 32541
74 32714
75 32839
76 33048
77 33336
78 33315
79 33638
80 33708
81 33819
82 34164
83 34231
84 34423
85 34643
86 34777
87 35968
88 35934
89 35275
90 35497
91 35674
92 35814
93 35930
94 36235
95 36238
96 36533
97 36653
98 36857
99 36982
100 37513
101 37426
102 37611
103 37836
104 39857
105 38178
106 38492
107 38547
108 38816
109 38865
110 39186
111 39260
112 39428
113 39535
114 39818
115 40025
116 40078
117 40272
118 40460
119 42475
120 40537
121 40729
122 40976
123 41091
124 41201
125 41389
126 41380
127 41383
