1 4807
2 5004
3 3491
4 2561
5 2954
6 3449
7 3893
8 4307
9 4786
10 5396
11 5696
12 6190
13 6622
14 7102
15 7588
16 8114
17 8675
18 8974
19 9441
20 9878
21 10383
22 10885
23 11287
24 11780
25 12283
26 12834
27 13281
28 13693
29 14189
30 16463
31 15131
32 15588
33 16152
34 16514
35 16995
36 17605
37 17893
38 18421
39 19149
40 19372
41 19888
42 20361
43 20843
44 21665
45 21749
46 22278
47 22732
48 23146
49 24169
50 24267
51 24630
52 25225
53 25596
54 26082
55 26566
56 27102
57 27787
58 29688
59 28467
60 29352
61 29509
62 29942
63 30514
64 30962
65 31100
66 31476
67 31496
68 31671
69 31833
70 32484
71 32254
72 32407
73 32696
74 32788
75 32894
76 33288
77 35130
78 33325
79 33582
80 33811
81 33862
82 34116
83 34203
84 34371
85 34903
86 34669
87 34882
88 35120
89 35253
90 35469
91 35905
92 35781
93 36021
94 38070
95 36251
96 36480
97 36876
98 36918
99 36958
100 37219
101 37443
102 37601
103 37736
104 37865
105 38250
106 38380
107 38453
108 38855
109 38885
110 40810
111 39231
112 39328
113 39789
114 39864
115 40176
116 40101
117 40296
118 40495
119 40549
120 40871
121 40985
122 40923
123 41192
124 41371
125 43526
126 41332
127 41342
