1 1851
2 1935
3 2090
4 2573
5 3015
6 3410
7 3834
8 4399
9 4775
10 5274
11 5662
12 6146
13 6648
14 7074
15 7573
16 8047
17 8520
18 8970
19 9523
20 9921
21 10358
22 10871
23 11290
24 11826
25 12242
26 12744
27 13195
28 13802
29 14163
30 14634
31 15117
32 15552
33 16050
34 16593
35 17283
36 17518
37 17839
38 18398
39 18848
40 19638
41 19817
42 20413
43 20740
44 22983
45 21898
46 22204
47 22696
48 23236
49 23711
50 24288
51 24637
52 25034
53 25497
54 26274
55 26496
56 26975
57 27392
58 27988
59 28360
60 28886
61 29688
62 29894
63 30332
64 30770
65 31282
66 31410
67 32774
68 31717
69 31828
70 32085
71 32458
72 32400
73 32561
74 32917
75 32968
76 33143
77 33323
78 33422
79 33686
80 34124
81 33934
82 34103
83 34428
84 34523
85 36400
86 34745
87 35058
88 35153
89 35369
90 35354
91 35487
92 35908
93 35913
94 36067
95 36500
96 36383
97 36769
98 37076
99 36918
100 37348
101 39074
102 37471
103 37950
104 37832
105 38152
106 38263
107 38411
108 38738
109 38695
110 38867
111 39367
112 39213
113 39620
114 39979
115 39770
116 40117
117 41975
118 40351
119 41042
120 40754
121 41066
122 40927
123 41119
124 41359
125 41375
126 41473
127 41477
