1 4886
2 5011
3 2920
4 2589
5 2963
6 3458
7 3896
8 4392
9 4869
10 5227
11 5732
12 6236
13 6664
14 7170
15 7637
16 8086
17 8615
18 9084
19 9486
20 10064
21 10396
22 11316
23 12671
24 11882
25 12293
26 12825
27 13296
28 13727
29 14239
30 14737
31 15157
32 15704
33 16178
34 16513
35 17046
36 17470
37 17943
38 18430
39 18931
40 19403
41 19868
42 20338
43 20844
44 21291
45 21804
46 22245
47 22717
48 23294
49 23753
50 24179
51 24647
52 25104
53 25607
54 26425
55 27942
56 27039
57 27500
58 28192
59 28487
60 29015
61 29411
62 29829
63 30401
64 30820
65 31115
66 31220
67 31403
68 31607
69 31844
70 32063
71 32247
72 32355
73 32553
74 32761
75 32919
76 33134
77 33278
78 33485
79 33705
80 33696
81 33944
82 34039
83 34370
84 34441
85 34656
86 34750
87 35124
88 35225
89 35340
90 35519
91 35642
92 35754
93 35987
94 36129
95 36252
96 36732
97 36632
98 36888
99 37134
100 37330
101 37491
102 37531
103 37728
104 38135
105 38150
106 38264
107 38543
108 38698
109 39074
110 39004
111 39207
112 39472
113 39432
114 39744
115 39927
116 39982
117 40155
118 40270
119 40704
120 40546
121 40711
122 40958
123 41043
124 41318
125 41300
126 41342
127 41511
