1 4866
2 4987
3 5077
4 5017
5 3291
6 3443
7 3889
8 4344
9 4786
10 5304
11 5735
12 6269
13 6597
14 7109
15 7556
16 8127
17 8534
18 8973
19 9460
20 9912
21 10388
22 10842
23 11312
24 12065
25 12231
26 12721
27 13211
28 13679
29 14158
30 14733
31 15571
32 15548
33 16073
34 16498
35 16967
36 17450
37 18005
38 18838
39 18913
40 19334
41 19824
42 20327
43 20891
44 21338
45 21741
46 22220
47 22902
48 23267
49 23627
50 24092
51 24573
52 25402
53 25533
54 25961
55 26459
56 27141
57 27386
58 28146
59 28422
60 28953
61 29297
62 29869
63 30438
64 30782
65 30956
66 31493
67 31432
68 31751
69 32079
70 32013
71 32234
72 32280
73 32636
74 32657
75 32874
76 33300
77 33256
78 33426
79 33670
80 33579
81 33860
82 34105
83 34200
84 34290
85 34605
86 34848
87 34858
88 35207
89 35224
90 35417
91 35531
92 35669
93 35951
94 36023
95 36463
96 37428
97 36633
98 36772
99 37062
100 37045
101 37307
102 37576
103 37835
104 37824
105 38050
106 38179
107 38888
108 38631
109 38720
110 38963
111 39275
112 39383
113 39482
114 39628
115 39843
116 40009
117 40115
118 40586
119 40409
120 40556
121 40711
122 40966
123 41066
124 41169
125 41545
126 41506
127 41328
