1 4910
2 3350
3 2102
4 2594
5 2989
6 3439
7 3857
8 4327
9 4769
10 5230
11 5749
12 6142
13 6761
14 7102
15 7608
16 8074
17 8523
18 8992
19 9485
20 9947
21 10383
22 10867
23 11338
24 11889
25 12280
26 12756
27 13331
28 13935
29 14216
30 14650
31 15142
32 15621
33 16060
34 16594
35 17078
36 17508
37 18095
38 18389
39 18922
40 19334
41 19856
42 20348
43 20862
44 21377
45 21971
46 22316
47 22751
48 23194
49 23739
50 24123
51 24674
52 25036
53 25602
54 26057
55 26583
56 26975
57 27707
58 27968
59 28433
60 28919
61 29423
62 29929
63 30318
64 30838
65 30955
66 31184
67 31802
68 31651
69 31832
70 32030
71 32236
72 32354
73 32508
74 32745
75 32940
76 33017
77 33405
78 33397
79 33587
80 33856
81 33921
82 34073
83 34257
84 34432
85 34679
86 34730
87 34997
88 35195
89 35327
90 35451
91 35581
92 35841
93 35924
94 36316
95 36227
96 36453
97 36720
98 36878
99 36953
100 37179
101 37388
102 37700
103 37813
104 37880
105 38224
106 38291
107 38442
108 38759
109 38782
110 39100
111 39204
112 39365
113 39480
114 39657
115 39780
116 40012
117 40114
118 40501
119 40433
120 40575
121 40785
122 40876
123 41027
124 41195
125 41380
126 41264
127 41393
