1 4940
2 4962
3 4000
4 2518
5 3019
6 3513
7 3888
8 4407
9 4757
10 5274
11 5712
12 6228
13 6622
14 7165
15 7617
16 8118
17 8545
18 9003
19 9477
20 9913
21 10479
22 10859
23 11321
24 11835
25 12378
26 12823
27 13203
28 13751
29 14362
30 14675
31 15121
32 15628
33 16109
34 16541
35 16999
36 17656
37 17964
38 18379
39 18896
40 19400
41 20114
42 20296
43 20888
44 21379
45 21733
46 22303
47 22722
48 23156
49 23681
50 24275
51 24576
52 25100
53 25528
54 26301
55 26431
56 27097
57 27606
58 28112
59 28324
60 28822
61 29308
62 30053
63 30196
64 30749
65 31192
66 31341
67 31307
68 31886
69 32069
70 31990
71 32274
72 43582
73 32495
74 33042
75 33111
76 33118
77 33341
78 33425
79 33543
80 33999
81 33903
82 34088
83 34563
84 34658
85 34596
86 34824
87 35002
88 35178
89 35986
90 35491
91 35559
92 36038
93 36106
94 36140
95 36365
96 36479
97 36892
98 36829
99 36982
100 37103
101 37710
102 37471
103 38027
104 37836
105 38129
106 38535
107 38352
108 38590
109 38977
110 38939
111 39174
112 39234
113 39456
114 39646
115 39801
116 40215
117 40162
118 40441
119 40602
120 40646
121 40795
122 40896
123 41027
124 41894
125 41296
126 41461
127 41351
