1 4835
2 4941
3 2934
4 2965
5 3459
6 3401
7 4243
8 5545
9 5942
10 9607
11 6619
12 6283
13 6728
14 7116
15 7662
16 8086
17 8562
18 8986
19 9542
20 9937
21 10359
22 11098
23 11445
24 11837
25 12343
26 12797
27 13275
28 13723
29 14179
30 14675
31 15280
32 15625
33 16117
34 16552
35 16958
36 17505
37 18237
38 18577
39 18959
40 19376
41 19964
42 20438
43 20873
44 21319
45 21908
46 22231
47 23255
48 23397
49 25167
50 24226
51 25031
52 25321
53 25713
54 26250
55 26720
56 27091
57 27590
58 28095
59 28620
60 29124
61 29468
62 30397
63 30355
64 30910
65 31202
66 31585
67 31470
68 31664
69 32108
70 33955
71 32212
72 32551
73 32557
74 32752
75 33043
76 33071
77 33152
78 33681
79 33702
80 33680
81 34041
82 34086
83 34314
84 34491
85 34620
86 34695
87 35329
88 36521
89 35264
90 35863
91 35651
92 35834
93 36065
94 36149
95 36288
96 36740
97 36660
98 36973
99 37013
100 37274
101 37612
102 37628
103 37736
104 39935
105 38435
106 38502
107 38860
108 38875
109 38989
110 39034
111 39298
112 39621
113 39563
114 39951
115 39986
116 40137
117 40377
118 40319
119 42502
120 40513
121 40776
122 40917
123 41011
124 41451
125 41177
126 41215
127 41402
