1 4911
2 4794
3 3651
4 2531
5 3015
6 3409
7 3877
8 4347
9 4766
10 5271
11 5684
12 6170
13 6614
14 7149
15 7599
16 8035
17 8555
18 9072
19 9493
20 9950
21 10396
22 10855
23 11306
24 11891
25 12257
26 12761
27 13217
28 13675
29 14219
30 16475
31 15189
32 15659
33 16065
34 16554
35 17091
36 17462
37 18005
38 18491
39 18966
40 19422
41 19867
42 20333
43 20837
44 21310
45 21802
46 22231
47 22845
48 23173
49 23754
50 24088
51 24569
52 25096
53 25638
54 26049
55 26465
56 26978
57 27434
58 29761
59 28503
60 29021
61 29575
62 29968
63 30408
64 30829
65 31108
66 31255
67 31465
68 31779
69 31839
70 32183
71 32237
72 32413
73 32797
74 32723
75 32976
76 33190
77 35151
78 33457
79 33664
80 33678
81 34414
82 34202
83 34159
84 34405
85 34879
86 34844
87 34956
88 35249
89 35184
90 35400
91 35672
92 35784
93 35977
94 37011
95 37357
96 47169
97 36723
98 38609
99 37828
100 37176
101 37476
102 37514
103 37829
104 38073
105 38079
106 38283
107 38640
108 38659
109 38803
110 40927
111 39163
112 39474
113 39522
114 39739
115 39838
116 39992
117 40233
118 40387
119 40700
120 40582
121 40715
122 41069
123 41030
124 41230
125 43271
126 41415
127 41633
