1 4850
2 3060
3 2122
4 2539
5 3026
6 3451
7 3868
8 4345
9 4794
10 5266
11 5768
12 6181
13 6704
14 7144
15 7605
16 8109
17 8521
18 9030
19 9473
20 10014
21 10401
22 10908
23 11438
24 11947
25 12302
26 12807
27 13364
28 13750
29 14369
30 14730
31 15159
32 15671
33 16116
34 16587
35 17232
36 17496
37 18078
38 18434
39 18996
40 19486
41 19936
42 22194
43 20995
44 21286
45 21860
46 22265
47 22804
48 23168
49 23758
50 24138
51 24704
52 25116
53 25582
54 26159
55 26700
56 27042
57 27615
58 27988
59 28479
60 28894
61 29528
62 29959
63 30336
64 30833
65 32758
66 31346
67 31539
68 31559
69 31915
70 32093
71 32205
72 32433
73 32567
74 32693
75 33132
76 33061
77 33359
78 33373
79 33606
80 33843
81 33938
82 34074
83 36024
84 34626
85 34831
86 34884
87 35151
88 35346
89 35355
90 35593
91 35747
92 35902
93 36127
94 36309
95 36383
96 36607
97 36858
98 37005
99 37097
100 39125
101 37549
102 37719
103 37800
104 37934
105 38203
106 38230
107 38489
108 38650
109 38932
110 39082
111 39120
112 39472
113 39471
114 39663
115 39823
116 41856
117 40243
118 40310
119 40461
120 40614
121 40677
122 40994
123 41005
124 41297
125 41357
126 41325
127 41466
