1 4801
2 5032
3 5193
4 5056
5 4002
6 3412
7 3874
8 4345
9 4757
10 5234
11 5739
12 6152
13 6732
14 7151
15 7586
16 8051
17 9304
18 9730
19 9535
20 10018
21 10422
22 10888
23 11323
24 12353
25 12299
26 12797
27 13276
28 13834
29 14212
30 14734
31 15263
32 15738
33 16115
34 16547
35 17046
36 17534
37 18063
38 18448
39 18948
40 19547
41 19897
42 20376
43 21067
44 21356
45 21826
46 22268
47 23014
48 23242
49 23755
50 24159
51 24662
52 25578
53 27018
54 26038
55 26577
56 27086
57 27388
58 27911
59 28517
60 28800
61 29385
62 29849
63 30616
64 30810
65 30907
66 31358
67 31368
68 31538
69 31951
70 32022
71 32165
72 32703
73 32532
74 32690
75 32915
76 33122
77 33199
78 33382
79 33605
80 33715
81 33838
82 34255
83 34225
84 34467
85 34681
86 34692
87 35066
88 35273
89 35199
90 35400
91 35990
92 35759
93 35988
94 36038
95 36197
96 36518
97 36505
98 36738
99 37329
100 37153
101 37336
102 37579
103 37745
104 37999
105 38063
106 38230
107 38477
108 38667
109 38862
110 39099
111 39182
112 39287
113 39408
114 39620
115 39876
116 39968
117 39985
118 40339
119 40457
120 40827
121 40587
122 40732
123 41023
124 41225
125 41380
126 41301
127 41213
