1 4856
2 5005
3 5131
4 3356
5 3017
6 3451
7 3874
8 4324
9 4750
10 5267
11 5723
12 6173
13 6678
14 7169
15 7552
16 8064
17 8647
18 8990
19 9438
20 10108
21 10332
22 10875
23 11343
24 11810
25 12291
26 12781
27 13260
28 13767
29 14217
30 14748
31 15169
32 15552
33 16114
34 16578
35 16996
36 17516
37 17898
38 18431
39 18986
40 19478
41 20061
42 20362
43 20897
44 21320
45 21780
46 22304
47 22786
48 23212
49 23635
50 24196
51 24639
52 25091
53 25689
54 26173
55 26605
56 26985
57 27544
58 28027
59 28467
60 28994
61 29349
62 29837
63 30439
64 31039
65 30965
66 31309
67 31461
68 31650
69 31794
70 32016
71 32226
72 32412
73 32615
74 32810
75 32838
76 33053
77 33542
78 33635
79 33528
80 33774
81 33863
82 34146
83 34411
84 34477
85 34609
86 34906
87 34989
88 35122
89 35308
90 35516
91 35843
92 35813
93 35943
94 36500
95 36374
96 36742
97 36696
98 36799
99 37087
100 37458
101 37398
102 37570
103 37855
104 37883
105 38151
106 38337
107 38627
108 38618
109 38765
110 38937
111 39302
112 39248
113 39474
114 39631
115 39992
116 40048
117 40129
118 40409
119 40400
120 40540
121 40759
122 40966
123 41115
124 41172
125 41346
126 41402
127 41321
