1 4824
2 4999
3 5109
4 2660
5 3000
6 3426
7 3892
8 4342
9 4796
10 5288
11 5743
12 6170
13 6736
14 7151
15 7644
16 8157
17 8569
18 8978
19 9487
20 9961
21 10404
22 10819
23 11305
24 11778
25 12280
26 12762
27 13247
28 13763
29 14203
30 14654
31 15119
32 15588
33 16135
34 16518
35 17054
36 17476
37 17990
38 18493
39 18857
40 19340
41 19884
42 20352
43 20779
44 21285
45 21868
46 22252
47 22680
48 23206
49 23583
50 24132
51 24561
52 25076
53 25537
54 26070
55 26429
56 26938
57 27436
58 27920
59 28365
60 28852
61 29437
62 29951
63 30336
64 30743
65 30958
66 31207
67 31474
68 31635
69 31761
70 31977
71 32118
72 32338
73 32716
74 32738
75 32809
76 33053
77 33219
78 33322
79 33580
80 33666
81 33908
82 34067
83 34177
84 34376
85 34584
86 34803
87 34950
88 35077
89 35233
90 35535
91 35606
92 35753
93 35918
94 36105
95 36211
96 36421
97 36732
98 36861
99 37047
100 37166
101 37441
102 37663
103 37668
104 37816
105 38037
106 38307
107 38498
108 38691
109 38749
110 38981
111 39112
112 39297
113 39436
114 39799
115 39738
116 39944
117 40133
118 40336
119 40450
120 40464
121 40713
122 41006
123 41037
124 41236
125 41270
126 41266
127 41334
