1 4850
2 4987
3 5106
4 5033
5 3098
6 3420
7 3867
8 4589
9 4758
10 5471
11 5799
12 6195
13 6627
14 7130
15 7564
16 8051
17 8519
18 9013
19 9408
20 9920
21 10379
22 10919
23 11396
24 11804
25 12275
26 12863
27 13238
28 13711
29 14181
30 14661
31 15467
32 15542
33 16025
34 16521
35 16958
36 17611
37 18012
38 18365
39 18885
40 19363
41 19839
42 20433
43 20775
44 21344
45 21709
46 22388
47 22999
48 23192
49 23639
50 24210
51 24980
52 25138
53 25558
54 26041
55 26647
56 27116
57 27492
58 27927
59 28592
60 28889
61 29279
62 30014
63 30373
64 30707
65 30956
66 31839
67 31397
68 31562
69 31947
70 32010
71 32277
72 32613
73 32448
74 32643
75 33186
76 33182
77 33200
78 33480
79 33514
80 33863
81 33892
82 33997
83 34200
84 34354
85 35045
86 34677
87 35281
88 35008
89 35326
90 35495
91 35484
92 35727
93 36356
94 35994
95 36123
96 36665
97 36696
98 36784
99 37266
100 37218
101 37421
102 37496
103 37638
104 37947
105 38154
106 38157
107 38732
108 38569
109 38779
110 38916
111 38988
112 39311
113 39485
114 39591
115 39766
116 39883
117 40279
118 40190
119 40401
120 40712
121 40761
122 41198
123 40881
124 41252
125 41448
126 41167
127 41277
